
[K] 
 K11= 1.045060e+04 
 K12=     0 
 K13=     0 
 K21=     0 
 K22= 1.045055e+04 
 K23=     0 
 K31= 1.604034e+03 
 K32= 1.360889e+03 
 K33=     1 

[R] 
 R11= -9.942436e-01 
 R12= 1.645661e-02 
 R13= -1.058717e-01 
 R21= 9.527773e-02 
 R22= 5.877784e-01 
 R23= -8.033920e-01 
 R31= 4.900796e-02 
 R32= -8.088546e-01 
 R33= -5.859629e-01 

[T] 
 T1= -1.318350e+01 
 T2= -2.830317e+02 
 T3= 5.233215e+02 

[RadialDistortion] 
 k1= -5.115900e-01 
 k2= 5.076343e+00 
 k3= -6.236973e+01 

[TangentialDistortion] 
 p1= -4.407581e-04 
 p2= -1.413494e-03 
