
[K]
 K11= 1.045060e+04 
 K12=     0
 K13=     0
 K21=     0
 K22= 1.045055e+04
 K23=     0
 K31= 1.604034e+03
 K32= 1.360889e+03
 K33=     1

[R]
 R11= -9.925454e-01
 R12= 2.788670e-03
 R13= -1.218434e-01
 R21= 8.679511e-02
 R22= 7.180036e-01
 R23= -6.906065e-01
 R31= 8.555810e-02
 R32= -6.960338e-01
 R33= -7.128933e-01

[T]
 T1= -1.753969e+01
 T2= -2.327793e+02
 T3= 5.241906e+02

[RadialDistortion]
 k1= -5.115900e-01
 k2= 5.076343e+00
 k3= -6.236973e+01

[TangentialDistortion]
 p1= -4.407581e-04
 p2= -1.413494e-03
