
[K] 
 K11= 1.961112e+03 
 K12=     0 
 K13=     0 
 K21=     0 
 K22= 1.960235e+03 
 K23=     0 
 K31= 3.910473e+02 
 K32= 2.925270e+02 
 K33=     1 

[R] 
 R11= -9.967007e-01 
 R12= 7.772318e-02 
 R13= 2.338391e-02 
 R21= 4.684988e-02 
 R22= 7.861848e-01 
 R23= -6.162131e-01 
 R31= -6.627812e-02 
 R32= -6.130845e-01 
 R33= -7.872323e-01 

[T] 
 T1= 3.515017e+01 
 T2= -1.634154e+02 
 T3= 1.606976e+02 

[RadialDistortion] 
 k1= 8.827582e-02 
 k2= -1.304547e+01 
 k3= 2.235583e+02 

[TangentialDistortion] 
 p1= -4.474225e-04 
 p2= -2.199018e-04 
